2019/09/29-10:01:50.878232 10de0c5c0 RocksDB version: 5.14.3
2019/09/29-10:01:50.878288 10de0c5c0 Git sha rocksdb_build_git_sha:@0@
2019/09/29-10:01:50.878291 10de0c5c0 Compile date Jul  8 2019
2019/09/29-10:01:50.878295 10de0c5c0 DB SUMMARY
2019/09/29-10:01:50.878355 10de0c5c0 CURRENT file:  CURRENT
2019/09/29-10:01:50.878357 10de0c5c0 IDENTITY file:  IDENTITY
2019/09/29-10:01:50.878363 10de0c5c0 MANIFEST file:  MANIFEST-000005 size: 467 Bytes
2019/09/29-10:01:50.878365 10de0c5c0 SST files in ./DATA_STORE/chains/testNetwork/db/291e119b237a5e05/overlayrecent/db dir, Total Num: 0, files: 
2019/09/29-10:01:50.878367 10de0c5c0 Write Ahead Log file in ./DATA_STORE/chains/testNetwork/db/291e119b237a5e05/overlayrecent/db: 000006.log size: 3550 ; 
2019/09/29-10:01:50.878368 10de0c5c0                         Options.error_if_exists: 0
2019/09/29-10:01:50.878372 10de0c5c0                       Options.create_if_missing: 1
2019/09/29-10:01:50.878373 10de0c5c0                         Options.paranoid_checks: 1
2019/09/29-10:01:50.878374 10de0c5c0                                     Options.env: 0x106fee700
2019/09/29-10:01:50.878375 10de0c5c0                                Options.info_log: 0x7fce43c00000
2019/09/29-10:01:50.878376 10de0c5c0                Options.max_file_opening_threads: 16
2019/09/29-10:01:50.878377 10de0c5c0                              Options.statistics: 0x0
2019/09/29-10:01:50.878378 10de0c5c0                               Options.use_fsync: 0
2019/09/29-10:01:50.878379 10de0c5c0                       Options.max_log_file_size: 0
2019/09/29-10:01:50.878380 10de0c5c0                  Options.max_manifest_file_size: 18446744073709551615
2019/09/29-10:01:50.878381 10de0c5c0                   Options.log_file_time_to_roll: 0
2019/09/29-10:01:50.878382 10de0c5c0                       Options.keep_log_file_num: 1
2019/09/29-10:01:50.878383 10de0c5c0                    Options.recycle_log_file_num: 0
2019/09/29-10:01:50.878384 10de0c5c0                         Options.allow_fallocate: 1
2019/09/29-10:01:50.878385 10de0c5c0                        Options.allow_mmap_reads: 0
2019/09/29-10:01:50.878386 10de0c5c0                       Options.allow_mmap_writes: 0
2019/09/29-10:01:50.878387 10de0c5c0                        Options.use_direct_reads: 0
2019/09/29-10:01:50.878388 10de0c5c0                        Options.use_direct_io_for_flush_and_compaction: 0
2019/09/29-10:01:50.878389 10de0c5c0          Options.create_missing_column_families: 0
2019/09/29-10:01:50.878390 10de0c5c0                              Options.db_log_dir: 
2019/09/29-10:01:50.878391 10de0c5c0                                 Options.wal_dir: ./DATA_STORE/chains/testNetwork/db/291e119b237a5e05/overlayrecent/db
2019/09/29-10:01:50.878392 10de0c5c0                Options.table_cache_numshardbits: 6
2019/09/29-10:01:50.878392 10de0c5c0                      Options.max_subcompactions: 1
2019/09/29-10:01:50.878393 10de0c5c0                  Options.max_background_flushes: -1
2019/09/29-10:01:50.878394 10de0c5c0                         Options.WAL_ttl_seconds: 0
2019/09/29-10:01:50.878395 10de0c5c0                       Options.WAL_size_limit_MB: 0
2019/09/29-10:01:50.878396 10de0c5c0             Options.manifest_preallocation_size: 4194304
2019/09/29-10:01:50.878397 10de0c5c0                     Options.is_fd_close_on_exec: 1
2019/09/29-10:01:50.878398 10de0c5c0                   Options.advise_random_on_open: 1
2019/09/29-10:01:50.878401 10de0c5c0                    Options.db_write_buffer_size: 8388608
2019/09/29-10:01:50.878402 10de0c5c0                    Options.write_buffer_manager: 0x7fce43c00070
2019/09/29-10:01:50.878403 10de0c5c0         Options.access_hint_on_compaction_start: 1
2019/09/29-10:01:50.878404 10de0c5c0  Options.new_table_reader_for_compaction_inputs: 0
2019/09/29-10:01:50.878405 10de0c5c0           Options.random_access_max_buffer_size: 1048576
2019/09/29-10:01:50.878406 10de0c5c0                      Options.use_adaptive_mutex: 0
2019/09/29-10:01:50.878407 10de0c5c0                            Options.rate_limiter: 0x0
2019/09/29-10:01:50.878408 10de0c5c0     Options.sst_file_manager.rate_bytes_per_sec: 0
2019/09/29-10:01:50.878430 10de0c5c0                       Options.wal_recovery_mode: 2
2019/09/29-10:01:50.878432 10de0c5c0                  Options.enable_thread_tracking: 0
2019/09/29-10:01:50.878433 10de0c5c0                  Options.enable_pipelined_write: 0
2019/09/29-10:01:50.878434 10de0c5c0         Options.allow_concurrent_memtable_write: 1
2019/09/29-10:01:50.878435 10de0c5c0      Options.enable_write_thread_adaptive_yield: 1
2019/09/29-10:01:50.878436 10de0c5c0             Options.write_thread_max_yield_usec: 100
2019/09/29-10:01:50.878437 10de0c5c0            Options.write_thread_slow_yield_usec: 3
2019/09/29-10:01:50.878438 10de0c5c0                               Options.row_cache: None
2019/09/29-10:01:50.878439 10de0c5c0                              Options.wal_filter: None
2019/09/29-10:01:50.878440 10de0c5c0             Options.avoid_flush_during_recovery: 0
2019/09/29-10:01:50.878440 10de0c5c0             Options.allow_ingest_behind: 0
2019/09/29-10:01:50.878441 10de0c5c0             Options.preserve_deletes: 0
2019/09/29-10:01:50.878442 10de0c5c0             Options.two_write_queues: 0
2019/09/29-10:01:50.878443 10de0c5c0             Options.manual_wal_flush: 0
2019/09/29-10:01:50.878444 10de0c5c0             Options.max_background_jobs: 6
2019/09/29-10:01:50.878445 10de0c5c0             Options.max_background_compactions: -1
2019/09/29-10:01:50.878446 10de0c5c0             Options.avoid_flush_during_shutdown: 0
2019/09/29-10:01:50.878447 10de0c5c0           Options.writable_file_max_buffer_size: 1048576
2019/09/29-10:01:50.878448 10de0c5c0             Options.delayed_write_rate : 16777216
2019/09/29-10:01:50.878449 10de0c5c0             Options.max_total_wal_size: 0
2019/09/29-10:01:50.878450 10de0c5c0             Options.delete_obsolete_files_period_micros: 21600000000
2019/09/29-10:01:50.878451 10de0c5c0                   Options.stats_dump_period_sec: 600
2019/09/29-10:01:50.878452 10de0c5c0                          Options.max_open_files: 512
2019/09/29-10:01:50.878453 10de0c5c0                          Options.bytes_per_sync: 1048576
2019/09/29-10:01:50.878454 10de0c5c0                      Options.wal_bytes_per_sync: 0
2019/09/29-10:01:50.878455 10de0c5c0       Options.compaction_readahead_size: 0
2019/09/29-10:01:50.878456 10de0c5c0 Compression algorithms supported:
2019/09/29-10:01:50.878458 10de0c5c0 	kZSTD supported: 0
2019/09/29-10:01:50.878459 10de0c5c0 	kZlibCompression supported: 0
2019/09/29-10:01:50.878460 10de0c5c0 	kXpressCompression supported: 0
2019/09/29-10:01:50.878461 10de0c5c0 	kSnappyCompression supported: 1
2019/09/29-10:01:50.878462 10de0c5c0 	kZSTDNotFinalCompression supported: 0
2019/09/29-10:01:50.878463 10de0c5c0 	kLZ4HCCompression supported: 0
2019/09/29-10:01:50.878464 10de0c5c0 	kLZ4Compression supported: 0
2019/09/29-10:01:50.878465 10de0c5c0 	kBZip2Compression supported: 0
2019/09/29-10:01:50.878470 10de0c5c0 Fast CRC32 supported: Not supported on x86
2019/09/29-10:01:50.878633 10de0c5c0 [/Users/administrator/builds/5c347df3/0/parity/parity-ethereum/.cargo/registry/src/github.com-1ecc6299db9ec823/parity-rocksdb-sys-0.5.6/rocksdb/db/version_set.cc:3085] Recovering from manifest file: MANIFEST-000005
2019/09/29-10:01:50.878696 10de0c5c0 [/Users/administrator/builds/5c347df3/0/parity/parity-ethereum/.cargo/registry/src/github.com-1ecc6299db9ec823/parity-rocksdb-sys-0.5.6/rocksdb/db/column_family.cc:475] --------------- Options for column family [default]:
2019/09/29-10:01:50.878700 10de0c5c0               Options.comparator: leveldb.BytewiseComparator
2019/09/29-10:01:50.878701 10de0c5c0           Options.merge_operator: None
2019/09/29-10:01:50.878702 10de0c5c0        Options.compaction_filter: None
2019/09/29-10:01:50.878703 10de0c5c0        Options.compaction_filter_factory: None
2019/09/29-10:01:50.878704 10de0c5c0         Options.memtable_factory: SkipListFactory
2019/09/29-10:01:50.878705 10de0c5c0            Options.table_factory: BlockBasedTable
2019/09/29-10:01:50.878750 10de0c5c0            table_factory options:   flush_block_policy_factory: FlushBlockBySizePolicyFactory (0x7fce43b008b0)
  cache_index_and_filter_blocks: 0
  cache_index_and_filter_blocks_with_high_priority: 0
  pin_l0_filter_and_index_blocks_in_cache: 0
  index_type: 0
  hash_index_allow_collision: 1
  checksum: 1
  no_block_cache: 0
  block_cache: 0x7fce43b008f8
  block_cache_name: LRUCache
  block_cache_options:
    capacity : 8388608
    num_shard_bits : 4
    strict_capacity_limit : 0
    high_pri_pool_ratio: 0.000
  block_cache_compressed: 0x0
  persistent_cache: 0x0
  block_size: 4096
  block_size_deviation: 10
  block_restart_interval: 16
  index_block_restart_interval: 1
  metadata_block_size: 4096
  partition_filters: 0
  use_delta_encoding: 1
  filter_policy: nullptr
  whole_key_filtering: 1
  verify_compression: 0
  read_amp_bytes_per_bit: 0
  format_version: 2
  enable_index_compression: 1
  block_align: 0
2019/09/29-10:01:50.878776 10de0c5c0        Options.write_buffer_size: 67108864
2019/09/29-10:01:50.878777 10de0c5c0  Options.max_write_buffer_number: 2
2019/09/29-10:01:50.878779 10de0c5c0          Options.compression: Snappy
2019/09/29-10:01:50.878780 10de0c5c0                  Options.bottommost_compression: Disabled
2019/09/29-10:01:50.878781 10de0c5c0       Options.prefix_extractor: nullptr
2019/09/29-10:01:50.878782 10de0c5c0   Options.memtable_insert_with_hint_prefix_extractor: nullptr
2019/09/29-10:01:50.878783 10de0c5c0             Options.num_levels: 7
2019/09/29-10:01:50.878784 10de0c5c0        Options.min_write_buffer_number_to_merge: 1
2019/09/29-10:01:50.878785 10de0c5c0     Options.max_write_buffer_number_to_maintain: 0
2019/09/29-10:01:50.878786 10de0c5c0            Options.compression_opts.window_bits: -14
2019/09/29-10:01:50.878787 10de0c5c0                  Options.compression_opts.level: -1
2019/09/29-10:01:50.878788 10de0c5c0               Options.compression_opts.strategy: 0
2019/09/29-10:01:50.878789 10de0c5c0         Options.compression_opts.max_dict_bytes: 0
2019/09/29-10:01:50.878790 10de0c5c0         Options.compression_opts.zstd_max_train_bytes: 0
2019/09/29-10:01:50.878791 10de0c5c0      Options.level0_file_num_compaction_trigger: 4
2019/09/29-10:01:50.878792 10de0c5c0          Options.level0_slowdown_writes_trigger: 20
2019/09/29-10:01:50.878793 10de0c5c0              Options.level0_stop_writes_trigger: 36
2019/09/29-10:01:50.878794 10de0c5c0                   Options.target_file_size_base: 67108864
2019/09/29-10:01:50.878795 10de0c5c0             Options.target_file_size_multiplier: 1
2019/09/29-10:01:50.878795 10de0c5c0                Options.max_bytes_for_level_base: 268435456
2019/09/29-10:01:50.878796 10de0c5c0 Options.level_compaction_dynamic_level_bytes: 0
2019/09/29-10:01:50.878797 10de0c5c0          Options.max_bytes_for_level_multiplier: 10.000000
2019/09/29-10:01:50.878799 10de0c5c0 Options.max_bytes_for_level_multiplier_addtl[0]: 1
2019/09/29-10:01:50.878800 10de0c5c0 Options.max_bytes_for_level_multiplier_addtl[1]: 1
2019/09/29-10:01:50.878802 10de0c5c0 Options.max_bytes_for_level_multiplier_addtl[2]: 1
2019/09/29-10:01:50.878802 10de0c5c0 Options.max_bytes_for_level_multiplier_addtl[3]: 1
2019/09/29-10:01:50.878803 10de0c5c0 Options.max_bytes_for_level_multiplier_addtl[4]: 1
2019/09/29-10:01:50.878804 10de0c5c0 Options.max_bytes_for_level_multiplier_addtl[5]: 1
2019/09/29-10:01:50.878805 10de0c5c0 Options.max_bytes_for_level_multiplier_addtl[6]: 1
2019/09/29-10:01:50.878806 10de0c5c0       Options.max_sequential_skip_in_iterations: 8
2019/09/29-10:01:50.878807 10de0c5c0                    Options.max_compaction_bytes: 1677721600
2019/09/29-10:01:50.878808 10de0c5c0                        Options.arena_block_size: 8388608
2019/09/29-10:01:50.878809 10de0c5c0   Options.soft_pending_compaction_bytes_limit: 68719476736
2019/09/29-10:01:50.878810 10de0c5c0   Options.hard_pending_compaction_bytes_limit: 274877906944
2019/09/29-10:01:50.878811 10de0c5c0       Options.rate_limit_delay_max_milliseconds: 100
2019/09/29-10:01:50.878812 10de0c5c0                Options.disable_auto_compactions: 0
2019/09/29-10:01:50.878814 10de0c5c0                        Options.compaction_style: kCompactionStyleLevel
2019/09/29-10:01:50.878829 10de0c5c0                          Options.compaction_pri: kByCompensatedSize
2019/09/29-10:01:50.878831 10de0c5c0 Options.compaction_options_universal.size_ratio: 1
2019/09/29-10:01:50.878832 10de0c5c0 Options.compaction_options_universal.min_merge_width: 2
2019/09/29-10:01:50.878833 10de0c5c0 Options.compaction_options_universal.max_merge_width: 4294967295
2019/09/29-10:01:50.878834 10de0c5c0 Options.compaction_options_universal.max_size_amplification_percent: 200
2019/09/29-10:01:50.878835 10de0c5c0 Options.compaction_options_universal.compression_size_percent: -1
2019/09/29-10:01:50.878837 10de0c5c0 Options.compaction_options_universal.stop_style: kCompactionStopStyleTotalSize
2019/09/29-10:01:50.878838 10de0c5c0 Options.compaction_options_fifo.max_table_files_size: 1073741824
2019/09/29-10:01:50.878839 10de0c5c0 Options.compaction_options_fifo.allow_compaction: 0
2019/09/29-10:01:50.878840 10de0c5c0 Options.compaction_options_fifo.ttl: 0
2019/09/29-10:01:50.878841 10de0c5c0                   Options.table_properties_collectors: 
2019/09/29-10:01:50.878842 10de0c5c0                   Options.inplace_update_support: 0
2019/09/29-10:01:50.878843 10de0c5c0                 Options.inplace_update_num_locks: 10000
2019/09/29-10:01:50.878844 10de0c5c0               Options.memtable_prefix_bloom_size_ratio: 0.000000
2019/09/29-10:01:50.878845 10de0c5c0   Options.memtable_huge_page_size: 0
2019/09/29-10:01:50.878846 10de0c5c0                           Options.bloom_locality: 0
2019/09/29-10:01:50.878847 10de0c5c0                    Options.max_successive_merges: 0
2019/09/29-10:01:50.878848 10de0c5c0                Options.optimize_filters_for_hits: 0
2019/09/29-10:01:50.878849 10de0c5c0                Options.paranoid_file_checks: 0
2019/09/29-10:01:50.878850 10de0c5c0                Options.force_consistency_checks: 0
2019/09/29-10:01:50.878850 10de0c5c0                Options.report_bg_io_stats: 0
2019/09/29-10:01:50.878851 10de0c5c0                               Options.ttl: 0
2019/09/29-10:01:50.878957 10de0c5c0 [/Users/administrator/builds/5c347df3/0/parity/parity-ethereum/.cargo/registry/src/github.com-1ecc6299db9ec823/parity-rocksdb-sys-0.5.6/rocksdb/db/column_family.cc:475] --------------- Options for column family [col0]:
2019/09/29-10:01:50.878989 10de0c5c0               Options.comparator: leveldb.BytewiseComparator
2019/09/29-10:01:50.878995 10de0c5c0           Options.merge_operator: None
2019/09/29-10:01:50.878997 10de0c5c0        Options.compaction_filter: None
2019/09/29-10:01:50.878998 10de0c5c0        Options.compaction_filter_factory: None
2019/09/29-10:01:50.879000 10de0c5c0         Options.memtable_factory: SkipListFactory
2019/09/29-10:01:50.879002 10de0c5c0            Options.table_factory: BlockBasedTable
2019/09/29-10:01:50.879065 10de0c5c0            table_factory options:   flush_block_policy_factory: FlushBlockBySizePolicyFactory (0x7fce43b05210)
  cache_index_and_filter_blocks: 1
  cache_index_and_filter_blocks_with_high_priority: 0
  pin_l0_filter_and_index_blocks_in_cache: 1
  index_type: 0
  hash_index_allow_collision: 1
  checksum: 1
  no_block_cache: 0
  block_cache: 0x7fce43b01508
  block_cache_name: LRUCache
  block_cache_options:
    capacity : 44739242
    num_shard_bits : 6
    strict_capacity_limit : 0
    high_pri_pool_ratio: 0.000
  block_cache_compressed: 0x0
  persistent_cache: 0x0
  block_size: 16384
  block_size_deviation: 10
  block_restart_interval: 16
  index_block_restart_interval: 1
  metadata_block_size: 4096
  partition_filters: 0
  use_delta_encoding: 1
  filter_policy: nullptr
  whole_key_filtering: 1
  verify_compression: 0
  read_amp_bytes_per_bit: 0
  format_version: 2
  enable_index_compression: 1
  block_align: 0
2019/09/29-10:01:50.879076 10de0c5c0        Options.write_buffer_size: 4194304
2019/09/29-10:01:50.879081 10de0c5c0  Options.max_write_buffer_number: 6
2019/09/29-10:01:50.879082 10de0c5c0          Options.compression: Snappy
2019/09/29-10:01:50.879084 10de0c5c0                  Options.bottommost_compression: Disabled
2019/09/29-10:01:50.879156 10de0c5c0       Options.prefix_extractor: nullptr
2019/09/29-10:01:50.879161 10de0c5c0   Options.memtable_insert_with_hint_prefix_extractor: nullptr
2019/09/29-10:01:50.879162 10de0c5c0             Options.num_levels: 7
2019/09/29-10:01:50.879164 10de0c5c0        Options.min_write_buffer_number_to_merge: 2
2019/09/29-10:01:50.879165 10de0c5c0     Options.max_write_buffer_number_to_maintain: 0
2019/09/29-10:01:50.879166 10de0c5c0            Options.compression_opts.window_bits: -14
2019/09/29-10:01:50.879167 10de0c5c0                  Options.compression_opts.level: -1
2019/09/29-10:01:50.879168 10de0c5c0               Options.compression_opts.strategy: 0
2019/09/29-10:01:50.879169 10de0c5c0         Options.compression_opts.max_dict_bytes: 0
2019/09/29-10:01:50.879170 10de0c5c0         Options.compression_opts.zstd_max_train_bytes: 0
2019/09/29-10:01:50.879171 10de0c5c0      Options.level0_file_num_compaction_trigger: 2
2019/09/29-10:01:50.879172 10de0c5c0          Options.level0_slowdown_writes_trigger: 20
2019/09/29-10:01:50.879173 10de0c5c0              Options.level0_stop_writes_trigger: 36
2019/09/29-10:01:50.879174 10de0c5c0                   Options.target_file_size_base: 67108864
2019/09/29-10:01:50.879175 10de0c5c0             Options.target_file_size_multiplier: 1
2019/09/29-10:01:50.879176 10de0c5c0                Options.max_bytes_for_level_base: 16777216
2019/09/29-10:01:50.879177 10de0c5c0 Options.level_compaction_dynamic_level_bytes: 1
2019/09/29-10:01:50.879178 10de0c5c0          Options.max_bytes_for_level_multiplier: 10.000000
2019/09/29-10:01:50.879179 10de0c5c0 Options.max_bytes_for_level_multiplier_addtl[0]: 1
2019/09/29-10:01:50.879180 10de0c5c0 Options.max_bytes_for_level_multiplier_addtl[1]: 1
2019/09/29-10:01:50.879184 10de0c5c0 Options.max_bytes_for_level_multiplier_addtl[2]: 1
2019/09/29-10:01:50.879185 10de0c5c0 Options.max_bytes_for_level_multiplier_addtl[3]: 1
2019/09/29-10:01:50.879186 10de0c5c0 Options.max_bytes_for_level_multiplier_addtl[4]: 1
2019/09/29-10:01:50.879187 10de0c5c0 Options.max_bytes_for_level_multiplier_addtl[5]: 1
2019/09/29-10:01:50.879188 10de0c5c0 Options.max_bytes_for_level_multiplier_addtl[6]: 1
2019/09/29-10:01:50.879189 10de0c5c0       Options.max_sequential_skip_in_iterations: 8
2019/09/29-10:01:50.879190 10de0c5c0                    Options.max_compaction_bytes: 1677721600
2019/09/29-10:01:50.879191 10de0c5c0                        Options.arena_block_size: 524288
2019/09/29-10:01:50.879192 10de0c5c0   Options.soft_pending_compaction_bytes_limit: 68719476736
2019/09/29-10:01:50.879193 10de0c5c0   Options.hard_pending_compaction_bytes_limit: 274877906944
2019/09/29-10:01:50.879194 10de0c5c0       Options.rate_limit_delay_max_milliseconds: 100
2019/09/29-10:01:50.879195 10de0c5c0                Options.disable_auto_compactions: 0
2019/09/29-10:01:50.879196 10de0c5c0                        Options.compaction_style: kCompactionStyleLevel
2019/09/29-10:01:50.879197 10de0c5c0                          Options.compaction_pri: kByCompensatedSize
2019/09/29-10:01:50.879198 10de0c5c0 Options.compaction_options_universal.size_ratio: 1
2019/09/29-10:01:50.879199 10de0c5c0 Options.compaction_options_universal.min_merge_width: 2
2019/09/29-10:01:50.879200 10de0c5c0 Options.compaction_options_universal.max_merge_width: 4294967295
2019/09/29-10:01:50.879201 10de0c5c0 Options.compaction_options_universal.max_size_amplification_percent: 200
2019/09/29-10:01:50.879202 10de0c5c0 Options.compaction_options_universal.compression_size_percent: -1
2019/09/29-10:01:50.879216 10de0c5c0 Options.compaction_options_universal.stop_style: kCompactionStopStyleTotalSize
2019/09/29-10:01:50.879217 10de0c5c0 Options.compaction_options_fifo.max_table_files_size: 1073741824
2019/09/29-10:01:50.879218 10de0c5c0 Options.compaction_options_fifo.allow_compaction: 0
2019/09/29-10:01:50.879219 10de0c5c0 Options.compaction_options_fifo.ttl: 0
2019/09/29-10:01:50.879220 10de0c5c0                   Options.table_properties_collectors: 
2019/09/29-10:01:50.879221 10de0c5c0                   Options.inplace_update_support: 0
2019/09/29-10:01:50.879247 10de0c5c0                 Options.inplace_update_num_locks: 10000
2019/09/29-10:01:50.879249 10de0c5c0               Options.memtable_prefix_bloom_size_ratio: 0.000000
2019/09/29-10:01:50.879250 10de0c5c0   Options.memtable_huge_page_size: 0
2019/09/29-10:01:50.879251 10de0c5c0                           Options.bloom_locality: 0
2019/09/29-10:01:50.879252 10de0c5c0                    Options.max_successive_merges: 0
2019/09/29-10:01:50.879253 10de0c5c0                Options.optimize_filters_for_hits: 0
2019/09/29-10:01:50.879254 10de0c5c0                Options.paranoid_file_checks: 0
2019/09/29-10:01:50.879255 10de0c5c0                Options.force_consistency_checks: 0
2019/09/29-10:01:50.879256 10de0c5c0                Options.report_bg_io_stats: 0
2019/09/29-10:01:50.879257 10de0c5c0                               Options.ttl: 0
2019/09/29-10:01:50.879316 10de0c5c0 [/Users/administrator/builds/5c347df3/0/parity/parity-ethereum/.cargo/registry/src/github.com-1ecc6299db9ec823/parity-rocksdb-sys-0.5.6/rocksdb/db/column_family.cc:475] --------------- Options for column family [col1]:
2019/09/29-10:01:50.879318 10de0c5c0               Options.comparator: leveldb.BytewiseComparator
2019/09/29-10:01:50.879319 10de0c5c0           Options.merge_operator: None
2019/09/29-10:01:50.879320 10de0c5c0        Options.compaction_filter: None
2019/09/29-10:01:50.879321 10de0c5c0        Options.compaction_filter_factory: None
2019/09/29-10:01:50.879322 10de0c5c0         Options.memtable_factory: SkipListFactory
2019/09/29-10:01:50.879323 10de0c5c0            Options.table_factory: BlockBasedTable
2019/09/29-10:01:50.879349 10de0c5c0            table_factory options:   flush_block_policy_factory: FlushBlockBySizePolicyFactory (0x7fce43b05740)
  cache_index_and_filter_blocks: 1
  cache_index_and_filter_blocks_with_high_priority: 0
  pin_l0_filter_and_index_blocks_in_cache: 1
  index_type: 0
  hash_index_allow_collision: 1
  checksum: 1
  no_block_cache: 0
  block_cache: 0x7fce43b01508
  block_cache_name: LRUCache
  block_cache_options:
    capacity : 44739242
    num_shard_bits : 6
    strict_capacity_limit : 0
    high_pri_pool_ratio: 0.000
  block_cache_compressed: 0x0
  persistent_cache: 0x0
  block_size: 16384
  block_size_deviation: 10
  block_restart_interval: 16
  index_block_restart_interval: 1
  metadata_block_size: 4096
  partition_filters: 0
  use_delta_encoding: 1
  filter_policy: nullptr
  whole_key_filtering: 1
  verify_compression: 0
  read_amp_bytes_per_bit: 0
  format_version: 2
  enable_index_compression: 1
  block_align: 0
2019/09/29-10:01:50.879354 10de0c5c0        Options.write_buffer_size: 4194304
2019/09/29-10:01:50.879355 10de0c5c0  Options.max_write_buffer_number: 6
2019/09/29-10:01:50.879356 10de0c5c0          Options.compression: Snappy
2019/09/29-10:01:50.879357 10de0c5c0                  Options.bottommost_compression: Disabled
2019/09/29-10:01:50.879358 10de0c5c0       Options.prefix_extractor: nullptr
2019/09/29-10:01:50.879359 10de0c5c0   Options.memtable_insert_with_hint_prefix_extractor: nullptr
2019/09/29-10:01:50.879360 10de0c5c0             Options.num_levels: 7
2019/09/29-10:01:50.879361 10de0c5c0        Options.min_write_buffer_number_to_merge: 2
2019/09/29-10:01:50.879362 10de0c5c0     Options.max_write_buffer_number_to_maintain: 0
2019/09/29-10:01:50.879363 10de0c5c0            Options.compression_opts.window_bits: -14
2019/09/29-10:01:50.879364 10de0c5c0                  Options.compression_opts.level: -1
2019/09/29-10:01:50.879365 10de0c5c0               Options.compression_opts.strategy: 0
2019/09/29-10:01:50.879366 10de0c5c0         Options.compression_opts.max_dict_bytes: 0
2019/09/29-10:01:50.879367 10de0c5c0         Options.compression_opts.zstd_max_train_bytes: 0
2019/09/29-10:01:50.879368 10de0c5c0      Options.level0_file_num_compaction_trigger: 2
2019/09/29-10:01:50.879369 10de0c5c0          Options.level0_slowdown_writes_trigger: 20
2019/09/29-10:01:50.879370 10de0c5c0              Options.level0_stop_writes_trigger: 36
2019/09/29-10:01:50.879391 10de0c5c0                   Options.target_file_size_base: 67108864
2019/09/29-10:01:50.879392 10de0c5c0             Options.target_file_size_multiplier: 1
2019/09/29-10:01:50.879393 10de0c5c0                Options.max_bytes_for_level_base: 16777216
2019/09/29-10:01:50.879394 10de0c5c0 Options.level_compaction_dynamic_level_bytes: 1
2019/09/29-10:01:50.879395 10de0c5c0          Options.max_bytes_for_level_multiplier: 10.000000
2019/09/29-10:01:50.879396 10de0c5c0 Options.max_bytes_for_level_multiplier_addtl[0]: 1
2019/09/29-10:01:50.879397 10de0c5c0 Options.max_bytes_for_level_multiplier_addtl[1]: 1
2019/09/29-10:01:50.879398 10de0c5c0 Options.max_bytes_for_level_multiplier_addtl[2]: 1
2019/09/29-10:01:50.879399 10de0c5c0 Options.max_bytes_for_level_multiplier_addtl[3]: 1
2019/09/29-10:01:50.879400 10de0c5c0 Options.max_bytes_for_level_multiplier_addtl[4]: 1
2019/09/29-10:01:50.879401 10de0c5c0 Options.max_bytes_for_level_multiplier_addtl[5]: 1
2019/09/29-10:01:50.879402 10de0c5c0 Options.max_bytes_for_level_multiplier_addtl[6]: 1
2019/09/29-10:01:50.879403 10de0c5c0       Options.max_sequential_skip_in_iterations: 8
2019/09/29-10:01:50.879404 10de0c5c0                    Options.max_compaction_bytes: 1677721600
2019/09/29-10:01:50.879405 10de0c5c0                        Options.arena_block_size: 524288
2019/09/29-10:01:50.879406 10de0c5c0   Options.soft_pending_compaction_bytes_limit: 68719476736
2019/09/29-10:01:50.879407 10de0c5c0   Options.hard_pending_compaction_bytes_limit: 274877906944
2019/09/29-10:01:50.879408 10de0c5c0       Options.rate_limit_delay_max_milliseconds: 100
2019/09/29-10:01:50.879409 10de0c5c0                Options.disable_auto_compactions: 0
2019/09/29-10:01:50.879410 10de0c5c0                        Options.compaction_style: kCompactionStyleLevel
2019/09/29-10:01:50.879411 10de0c5c0                          Options.compaction_pri: kByCompensatedSize
2019/09/29-10:01:50.879412 10de0c5c0 Options.compaction_options_universal.size_ratio: 1
2019/09/29-10:01:50.879413 10de0c5c0 Options.compaction_options_universal.min_merge_width: 2
2019/09/29-10:01:50.879414 10de0c5c0 Options.compaction_options_universal.max_merge_width: 4294967295
2019/09/29-10:01:50.879415 10de0c5c0 Options.compaction_options_universal.max_size_amplification_percent: 200
2019/09/29-10:01:50.879416 10de0c5c0 Options.compaction_options_universal.compression_size_percent: -1
2019/09/29-10:01:50.879418 10de0c5c0 Options.compaction_options_universal.stop_style: kCompactionStopStyleTotalSize
2019/09/29-10:01:50.879419 10de0c5c0 Options.compaction_options_fifo.max_table_files_size: 1073741824
2019/09/29-10:01:50.879420 10de0c5c0 Options.compaction_options_fifo.allow_compaction: 0
2019/09/29-10:01:50.879421 10de0c5c0 Options.compaction_options_fifo.ttl: 0
2019/09/29-10:01:50.879422 10de0c5c0                   Options.table_properties_collectors: 
2019/09/29-10:01:50.879423 10de0c5c0                   Options.inplace_update_support: 0
2019/09/29-10:01:50.879424 10de0c5c0                 Options.inplace_update_num_locks: 10000
2019/09/29-10:01:50.879425 10de0c5c0               Options.memtable_prefix_bloom_size_ratio: 0.000000
2019/09/29-10:01:50.879426 10de0c5c0   Options.memtable_huge_page_size: 0
2019/09/29-10:01:50.879427 10de0c5c0                           Options.bloom_locality: 0
2019/09/29-10:01:50.879428 10de0c5c0                    Options.max_successive_merges: 0
2019/09/29-10:01:50.879429 10de0c5c0                Options.optimize_filters_for_hits: 0
2019/09/29-10:01:50.879430 10de0c5c0                Options.paranoid_file_checks: 0
2019/09/29-10:01:50.879430 10de0c5c0                Options.force_consistency_checks: 0
2019/09/29-10:01:50.879431 10de0c5c0                Options.report_bg_io_stats: 0
2019/09/29-10:01:50.879432 10de0c5c0                               Options.ttl: 0
2019/09/29-10:01:50.879460 10de0c5c0 [/Users/administrator/builds/5c347df3/0/parity/parity-ethereum/.cargo/registry/src/github.com-1ecc6299db9ec823/parity-rocksdb-sys-0.5.6/rocksdb/db/column_family.cc:475] --------------- Options for column family [col2]:
2019/09/29-10:01:50.879477 10de0c5c0               Options.comparator: leveldb.BytewiseComparator
2019/09/29-10:01:50.879478 10de0c5c0           Options.merge_operator: None
2019/09/29-10:01:50.879480 10de0c5c0        Options.compaction_filter: None
2019/09/29-10:01:50.879480 10de0c5c0        Options.compaction_filter_factory: None
2019/09/29-10:01:50.879482 10de0c5c0         Options.memtable_factory: SkipListFactory
2019/09/29-10:01:50.879483 10de0c5c0            Options.table_factory: BlockBasedTable
2019/09/29-10:01:50.879492 10de0c5c0            table_factory options:   flush_block_policy_factory: FlushBlockBySizePolicyFactory (0x7fce43b043c0)
  cache_index_and_filter_blocks: 1
  cache_index_and_filter_blocks_with_high_priority: 0
  pin_l0_filter_and_index_blocks_in_cache: 1
  index_type: 0
  hash_index_allow_collision: 1
  checksum: 1
  no_block_cache: 0
  block_cache: 0x7fce43b01508
  block_cache_name: LRUCache
  block_cache_options:
    capacity : 44739242
    num_shard_bits : 6
    strict_capacity_limit : 0
    high_pri_pool_ratio: 0.000
  block_cache_compressed: 0x0
  persistent_cache: 0x0
  block_size: 16384
  block_size_deviation: 10
  block_restart_interval: 16
  index_block_restart_interval: 1
  metadata_block_size: 4096
  partition_filters: 0
  use_delta_encoding: 1
  filter_policy: nullptr
  whole_key_filtering: 1
  verify_compression: 0
  read_amp_bytes_per_bit: 0
  format_version: 2
  enable_index_compression: 1
  block_align: 0
2019/09/29-10:01:50.879494 10de0c5c0        Options.write_buffer_size: 4194304
2019/09/29-10:01:50.879495 10de0c5c0  Options.max_write_buffer_number: 6
2019/09/29-10:01:50.879496 10de0c5c0          Options.compression: Snappy
2019/09/29-10:01:50.879497 10de0c5c0                  Options.bottommost_compression: Disabled
2019/09/29-10:01:50.879498 10de0c5c0       Options.prefix_extractor: nullptr
2019/09/29-10:01:50.879499 10de0c5c0   Options.memtable_insert_with_hint_prefix_extractor: nullptr
2019/09/29-10:01:50.879499 10de0c5c0             Options.num_levels: 7
2019/09/29-10:01:50.879500 10de0c5c0        Options.min_write_buffer_number_to_merge: 2
2019/09/29-10:01:50.879501 10de0c5c0     Options.max_write_buffer_number_to_maintain: 0
2019/09/29-10:01:50.879502 10de0c5c0            Options.compression_opts.window_bits: -14
2019/09/29-10:01:50.879503 10de0c5c0                  Options.compression_opts.level: -1
2019/09/29-10:01:50.879504 10de0c5c0               Options.compression_opts.strategy: 0
2019/09/29-10:01:50.879505 10de0c5c0         Options.compression_opts.max_dict_bytes: 0
2019/09/29-10:01:50.879506 10de0c5c0         Options.compression_opts.zstd_max_train_bytes: 0
2019/09/29-10:01:50.879507 10de0c5c0      Options.level0_file_num_compaction_trigger: 2
2019/09/29-10:01:50.879508 10de0c5c0          Options.level0_slowdown_writes_trigger: 20
2019/09/29-10:01:50.879509 10de0c5c0              Options.level0_stop_writes_trigger: 36
2019/09/29-10:01:50.879510 10de0c5c0                   Options.target_file_size_base: 67108864
2019/09/29-10:01:50.879511 10de0c5c0             Options.target_file_size_multiplier: 1
2019/09/29-10:01:50.879512 10de0c5c0                Options.max_bytes_for_level_base: 16777216
2019/09/29-10:01:50.879513 10de0c5c0 Options.level_compaction_dynamic_level_bytes: 1
2019/09/29-10:01:50.879514 10de0c5c0          Options.max_bytes_for_level_multiplier: 10.000000
2019/09/29-10:01:50.879515 10de0c5c0 Options.max_bytes_for_level_multiplier_addtl[0]: 1
2019/09/29-10:01:50.879516 10de0c5c0 Options.max_bytes_for_level_multiplier_addtl[1]: 1
2019/09/29-10:01:50.879517 10de0c5c0 Options.max_bytes_for_level_multiplier_addtl[2]: 1
2019/09/29-10:01:50.879518 10de0c5c0 Options.max_bytes_for_level_multiplier_addtl[3]: 1
2019/09/29-10:01:50.879519 10de0c5c0 Options.max_bytes_for_level_multiplier_addtl[4]: 1
2019/09/29-10:01:50.879520 10de0c5c0 Options.max_bytes_for_level_multiplier_addtl[5]: 1
2019/09/29-10:01:50.879521 10de0c5c0 Options.max_bytes_for_level_multiplier_addtl[6]: 1
2019/09/29-10:01:50.879522 10de0c5c0       Options.max_sequential_skip_in_iterations: 8
2019/09/29-10:01:50.879537 10de0c5c0                    Options.max_compaction_bytes: 1677721600
2019/09/29-10:01:50.879539 10de0c5c0                        Options.arena_block_size: 524288
2019/09/29-10:01:50.879539 10de0c5c0   Options.soft_pending_compaction_bytes_limit: 68719476736
2019/09/29-10:01:50.879540 10de0c5c0   Options.hard_pending_compaction_bytes_limit: 274877906944
2019/09/29-10:01:50.879542 10de0c5c0       Options.rate_limit_delay_max_milliseconds: 100
2019/09/29-10:01:50.879543 10de0c5c0                Options.disable_auto_compactions: 0
2019/09/29-10:01:50.879544 10de0c5c0                        Options.compaction_style: kCompactionStyleLevel
2019/09/29-10:01:50.879545 10de0c5c0                          Options.compaction_pri: kByCompensatedSize
2019/09/29-10:01:50.879546 10de0c5c0 Options.compaction_options_universal.size_ratio: 1
2019/09/29-10:01:50.879547 10de0c5c0 Options.compaction_options_universal.min_merge_width: 2
2019/09/29-10:01:50.879547 10de0c5c0 Options.compaction_options_universal.max_merge_width: 4294967295
2019/09/29-10:01:50.879548 10de0c5c0 Options.compaction_options_universal.max_size_amplification_percent: 200
2019/09/29-10:01:50.879549 10de0c5c0 Options.compaction_options_universal.compression_size_percent: -1
2019/09/29-10:01:50.879551 10de0c5c0 Options.compaction_options_universal.stop_style: kCompactionStopStyleTotalSize
2019/09/29-10:01:50.879552 10de0c5c0 Options.compaction_options_fifo.max_table_files_size: 1073741824
2019/09/29-10:01:50.879553 10de0c5c0 Options.compaction_options_fifo.allow_compaction: 0
2019/09/29-10:01:50.879554 10de0c5c0 Options.compaction_options_fifo.ttl: 0
2019/09/29-10:01:50.879555 10de0c5c0                   Options.table_properties_collectors: 
2019/09/29-10:01:50.879556 10de0c5c0                   Options.inplace_update_support: 0
2019/09/29-10:01:50.879556 10de0c5c0                 Options.inplace_update_num_locks: 10000
2019/09/29-10:01:50.879557 10de0c5c0               Options.memtable_prefix_bloom_size_ratio: 0.000000
2019/09/29-10:01:50.879559 10de0c5c0   Options.memtable_huge_page_size: 0
2019/09/29-10:01:50.879560 10de0c5c0                           Options.bloom_locality: 0
2019/09/29-10:01:50.879561 10de0c5c0                    Options.max_successive_merges: 0
2019/09/29-10:01:50.879562 10de0c5c0                Options.optimize_filters_for_hits: 0
2019/09/29-10:01:50.879562 10de0c5c0                Options.paranoid_file_checks: 0
2019/09/29-10:01:50.879563 10de0c5c0                Options.force_consistency_checks: 0
2019/09/29-10:01:50.879564 10de0c5c0                Options.report_bg_io_stats: 0
2019/09/29-10:01:50.879565 10de0c5c0                               Options.ttl: 0
2019/09/29-10:01:50.879590 10de0c5c0 [/Users/administrator/builds/5c347df3/0/parity/parity-ethereum/.cargo/registry/src/github.com-1ecc6299db9ec823/parity-rocksdb-sys-0.5.6/rocksdb/db/column_family.cc:475] --------------- Options for column family [col3]:
2019/09/29-10:01:50.879592 10de0c5c0               Options.comparator: leveldb.BytewiseComparator
2019/09/29-10:01:50.879593 10de0c5c0           Options.merge_operator: None
2019/09/29-10:01:50.879594 10de0c5c0        Options.compaction_filter: None
2019/09/29-10:01:50.879595 10de0c5c0        Options.compaction_filter_factory: None
2019/09/29-10:01:50.879596 10de0c5c0         Options.memtable_factory: SkipListFactory
2019/09/29-10:01:50.879597 10de0c5c0            Options.table_factory: BlockBasedTable
2019/09/29-10:01:50.879607 10de0c5c0            table_factory options:   flush_block_policy_factory: FlushBlockBySizePolicyFactory (0x7fce43b04710)
  cache_index_and_filter_blocks: 1
  cache_index_and_filter_blocks_with_high_priority: 0
  pin_l0_filter_and_index_blocks_in_cache: 1
  index_type: 0
  hash_index_allow_collision: 1
  checksum: 1
  no_block_cache: 0
  block_cache: 0x7fce43b01508
  block_cache_name: LRUCache
  block_cache_options:
    capacity : 44739242
    num_shard_bits : 6
    strict_capacity_limit : 0
    high_pri_pool_ratio: 0.000
  block_cache_compressed: 0x0
  persistent_cache: 0x0
  block_size: 16384
  block_size_deviation: 10
  block_restart_interval: 16
  index_block_restart_interval: 1
  metadata_block_size: 4096
  partition_filters: 0
  use_delta_encoding: 1
  filter_policy: nullptr
  whole_key_filtering: 1
  verify_compression: 0
  read_amp_bytes_per_bit: 0
  format_version: 2
  enable_index_compression: 1
  block_align: 0
2019/09/29-10:01:50.879624 10de0c5c0        Options.write_buffer_size: 4194304
2019/09/29-10:01:50.879625 10de0c5c0  Options.max_write_buffer_number: 6
2019/09/29-10:01:50.879626 10de0c5c0          Options.compression: Snappy
2019/09/29-10:01:50.879627 10de0c5c0                  Options.bottommost_compression: Disabled
2019/09/29-10:01:50.879628 10de0c5c0       Options.prefix_extractor: nullptr
2019/09/29-10:01:50.879629 10de0c5c0   Options.memtable_insert_with_hint_prefix_extractor: nullptr
2019/09/29-10:01:50.879630 10de0c5c0             Options.num_levels: 7
2019/09/29-10:01:50.879631 10de0c5c0        Options.min_write_buffer_number_to_merge: 2
2019/09/29-10:01:50.879632 10de0c5c0     Options.max_write_buffer_number_to_maintain: 0
2019/09/29-10:01:50.879633 10de0c5c0            Options.compression_opts.window_bits: -14
2019/09/29-10:01:50.879634 10de0c5c0                  Options.compression_opts.level: -1
2019/09/29-10:01:50.879635 10de0c5c0               Options.compression_opts.strategy: 0
2019/09/29-10:01:50.879636 10de0c5c0         Options.compression_opts.max_dict_bytes: 0
2019/09/29-10:01:50.879637 10de0c5c0         Options.compression_opts.zstd_max_train_bytes: 0
2019/09/29-10:01:50.879638 10de0c5c0      Options.level0_file_num_compaction_trigger: 2
2019/09/29-10:01:50.879639 10de0c5c0          Options.level0_slowdown_writes_trigger: 20
2019/09/29-10:01:50.879640 10de0c5c0              Options.level0_stop_writes_trigger: 36
2019/09/29-10:01:50.879641 10de0c5c0                   Options.target_file_size_base: 67108864
2019/09/29-10:01:50.879642 10de0c5c0             Options.target_file_size_multiplier: 1
2019/09/29-10:01:50.879643 10de0c5c0                Options.max_bytes_for_level_base: 16777216
2019/09/29-10:01:50.879644 10de0c5c0 Options.level_compaction_dynamic_level_bytes: 1
2019/09/29-10:01:50.879645 10de0c5c0          Options.max_bytes_for_level_multiplier: 10.000000
2019/09/29-10:01:50.879646 10de0c5c0 Options.max_bytes_for_level_multiplier_addtl[0]: 1
2019/09/29-10:01:50.879647 10de0c5c0 Options.max_bytes_for_level_multiplier_addtl[1]: 1
2019/09/29-10:01:50.879648 10de0c5c0 Options.max_bytes_for_level_multiplier_addtl[2]: 1
2019/09/29-10:01:50.879649 10de0c5c0 Options.max_bytes_for_level_multiplier_addtl[3]: 1
2019/09/29-10:01:50.879650 10de0c5c0 Options.max_bytes_for_level_multiplier_addtl[4]: 1
2019/09/29-10:01:50.879651 10de0c5c0 Options.max_bytes_for_level_multiplier_addtl[5]: 1
2019/09/29-10:01:50.879652 10de0c5c0 Options.max_bytes_for_level_multiplier_addtl[6]: 1
2019/09/29-10:01:50.879653 10de0c5c0       Options.max_sequential_skip_in_iterations: 8
